state,AK,AL,AR,AZ,CA,CO,CT,DC,DE,FL,GA,HI,IA,ID,IL,IN,KS,KY,LA,MA,MD,ME,MI,MN,MO,MS,MT,NC,ND,NE,NH,NJ,NM,NV,NY,OH,OK,OR,PA,RI,SC,SD,TN,TX,UT,VA,VT,WA,WI,WV,WY
AK,1,0.4405,0.5432,0.5509,0.2546,0.5505,0.2467,0.1631,0.242,0.3325,0.2623,0.2105,0.6464,0.6097,0.2757,0.6151,0.6835,0.62,0.3035,0.2397,0.2273,0.5067,0.5071,0.596,0.5805,0.329,0.6436,0.473,0.644,0.5656,0.4782,0.2237,0.3684,0.3821,0.2249,0.5353,0.6365,0.5713,0.4935,0.3382,0.395,0.6542,0.5156,0.4215,0.5663,0.307,0.401,0.5292,0.5815,0.5786,0.6387
AL,0.4405,1,0.6996,0.2817,0.2606,0.3165,0.2262,0.1425,0.439,0.4406,0.6888,0.2333,0.6127,0.5063,0.2378,0.6622,0.6359,0.6934,0.6981,0.2223,0.2285,0.5085,0.626,0.5394,0.6838,0.7139,0.6026,0.7882,0.5659,0.4892,0.4474,0.2405,0.2422,0.2567,0.2325,0.6404,0.639,0.443,0.5633,0.2254,0.7922,0.5793,0.699,0.2684,0.2984,0.5293,0.3453,0.3009,0.569,0.6524,0.5903
AR,0.5432,0.6996,1,0.3198,0.2286,0.3913,0.1921,0.1209,0.3775,0.3991,0.5615,0.2084,0.6427,0.5492,0.2432,0.6791,0.6818,0.7097,0.5862,0.1934,0.1982,0.5103,0.6063,0.5704,0.6815,0.6022,0.629,0.725,0.6091,0.5146,0.452,0.2168,0.2206,0.2382,0.213,0.6287,0.672,0.4963,0.5544,0.2369,0.6968,0.6309,0.6967,0.2417,0.3569,0.4727,0.3557,0.3626,0.5871,0.6641,0.6289
AZ,0.5509,0.2817,0.3198,1,0.5821,0.6135,0.5013,0.157,0.3678,0.6296,0.2733,0.4339,0.5191,0.483,0.5608,0.4784,0.4613,0.4272,0.2634,0.4927,0.2439,0.4895,0.5343,0.5379,0.4477,0.2596,0.484,0.3209,0.4254,0.4707,0.4923,0.5452,0.5809,0.7977,0.5315,0.5304,0.414,0.5649,0.5754,0.5556,0.2906,0.4343,0.3309,0.6061,0.5412,0.3352,0.3798,0.6547,0.5645,0.4244,0.4243
CA,0.2546,0.2606,0.2286,0.5821,1,0.3138,0.2999,0.2261,0.2236,0.3753,0.2591,0.6476,0.2665,0.2199,0.35,0.2497,0.2594,0.2483,0.2364,0.3239,0.2215,0.2701,0.2781,0.2825,0.2544,0.2594,0.2617,0.2755,0.2386,0.2173,0.2722,0.504,0.6215,0.6119,0.5215,0.2761,0.2341,0.243,0.2886,0.3027,0.2719,0.2338,0.2391,0.6016,0.2485,0.2511,0.2351,0.3287,0.2828,0.241,0.2346
CO,0.5505,0.3165,0.3913,0.6135,0.3138,1,0.524,0.1509,0.3301,0.4339,0.2676,0.2183,0.6325,0.5659,0.5303,0.5691,0.6471,0.5345,0.2424,0.5799,0.238,0.5707,0.5891,0.726,0.5773,0.254,0.6235,0.4148,0.5641,0.5853,0.625,0.4547,0.2707,0.4242,0.4173,0.6068,0.4794,0.6807,0.6448,0.5448,0.3094,0.5569,0.4373,0.3049,0.6256,0.5492,0.4812,0.7311,0.654,0.4929,0.5338
CT,0.2467,0.2262,0.1921,0.5013,0.2999,0.524,1,0.1036,0.5622,0.5766,0.2377,0.254,0.4615,0.323,0.6044,0.3364,0.3107,0.293,0.2128,0.708,0.4102,0.5933,0.5488,0.5388,0.3723,0.2168,0.4598,0.2926,0.3195,0.3729,0.6301,0.6218,0.2923,0.4536,0.5402,0.4993,0.1889,0.4905,0.6131,0.6411,0.2467,0.3328,0.2002,0.2446,0.3652,0.54990000000000006,0.5776,0.5877,0.5616,0.3262,0.3089
DC,0.1631,0.1425,0.1209,0.157,0.2261,0.1509,0.1036,1,0.1108,0.156,0.1554,0.1572,0.1597,0.1449,0.1342,0.1513,0.1565,0.1491,0.1479,0.1955,0.4695,0.1517,0.1565,0.1537,0.1507,0.1306,0.1608,0.1567,0.1401,0.1339,0.1492,0.2534,0.1282,0.1494,0.3034,0.15310000000000001,0.1336,0.1456,0.1552,0.0868,0.1549,0.1437,0.1401,0.1549,0.1552,0.1439,0.139,0.1361,0.1554,0.151,0.14
DE,0.242,0.439,0.3775,0.3678,0.2236,0.3301,0.5622,0.1108,1,0.6155,0.4779,0.1989,0.5565,0.3829,0.5824,0.4971,0.3906,0.4585,0.4724,0.4828,0.4506,0.6092,0.6859,0.5528,0.527,0.3821,0.5085,0.5396,0.3917,0.4175,0.5878,0.4303,0.22,0.3877,0.4102,0.6361,0.2617,0.4574,0.6832,0.5321,0.5268,0.4104,0.3987,0.2419,0.3118,0.6445,0.5448,0.4373,0.6252,0.4669,0.3823
FL,0.3325,0.4406,0.3991,0.6296,0.3753,0.4339,0.5766,0.156,0.6155,1,0.3904,0.3171,0.5318,0.4224,0.5959,0.5103,0.4283,0.4829,0.3868,0.4791,0.374,0.6084,0.6779,0.5408,0.5235,0.3388,0.5274,0.5214,0.3741,0.4321,0.5918,0.5749,0.4173,0.6441,0.5271,0.6388,0.3874,0.57,0.7254,0.565,0.4979,0.418,0.4338,0.351,0.2901,0.548,0.4567,0.5401,0.6254,0.5166,0.419
GA,0.2623,0.6888,0.5615,0.2733,0.2591,0.2676,0.2377,0.1554,0.4779,0.3904,1,0.2221,0.4602,0.3625,0.2701,0.5418,0.4623,0.5507,0.7518,0.2479,0.327,0.3507,0.5465,0.3942,0.5633,0.7571,0.4088,0.7102,0.4022,0.3576,0.2954,0.2746,0.2693,0.2698,0.2676,0.5475,0.4641,0.2827,0.4656,0.2285,0.745,0.3983,0.5816,0.2897,0.2549,0.522,0.2347,0.246,0.4277,0.4957,0.4086
HI,0.2105,0.2333,0.2084,0.4339,0.6476,0.2183,0.254,0.1572,0.1989,0.3171,0.2221,1,0.23,0.195,0.1867,0.219,0.2314,0.2199,0.225,0.2158,0.1883,0.2281,0.2317,0.2395,0.2231,0.1985,0.2268,0.2407,0.2249,0.2004,0.2268,0.3895,0.6508,0.4399,0.33,0.2306,0.1934,0.1938,0.2322,0.1904,0.2356,0.2124,0.2138,0.4663,0.211,0.2346,0.2072,0.1987,0.2305,0.209,0.2159
IA,0.6464,0.6127,0.6427,0.5191,0.2665,0.6325,0.4615,0.1597,0.5565,0.5318,0.4602,0.23,1,0.6999,0.488,0.7951,0.779,0.7656,0.5087,0.4364,0.241,0.7722,0.8195,0.8309,0.8059,0.4861,0.8336,0.7151,0.7329,0.7046,0.7315,0.2887,0.2767,0.3808,0.2743,0.8258,0.6129,0.7251,0.7938,0.5097,0.6399,0.7481,0.6541,0.3019,0.5636,0.648,0.6173,0.6488,0.8463,0.7414,0.7174
ID,0.6097,0.5063,0.5492,0.483,0.2199,0.5659,0.323,0.1449,0.3829,0.4224,0.3625,0.195,0.6999,1,0.3808,0.682,0.6909,0.6545,0.4145,0.3184,0.2062,0.5756,0.6413,0.6728,0.6713,0.3777,0.6725,0.5565,0.667,0.671,0.5535,0.2263,0.2197,0.3537,0.2223,0.6639,0.5851,0.5994,0.6274,0.402,0.4975,0.6558,0.562,0.2716,0.5764,0.4765,0.4189,0.5342,0.6716,0.6263,0.6567
IL,0.2757,0.2378,0.2432,0.5608,0.35,0.5303,0.6044,0.1342,0.5824,0.5959,0.2701,0.1867,0.488,0.3808,1,0.4319,0.3691,0.3632,0.2647,0.6059,0.4086,0.5072,0.6036,0.5631,0.4292,0.2175,0.4207,0.3459,0.3544,0.4178,0.5404,0.5936,0.2406,0.5669,0.6089,0.5679,0.222,0.5242,0.6522,0.6465,0.2947,0.3438,0.2809,0.2538,0.4798,0.5418,0.4383,0.608,0.5864,0.3419,0.3136
IN,0.6151,0.6622,0.6791,0.4784,0.2497,0.5691,0.3364,0.1513,0.4971,0.5103,0.5418,0.219,0.7951,0.682,0.4319,1,0.7788,0.7839,0.5738,0.3175,0.2263,0.6499,0.7705,0.7503,0.799,0.5476,0.7487,0.7508,0.7069,0.6729,0.6034,0.257,0.2534,0.3664,0.2501,0.7893,0.6655,0.66,0.7286,0.4173,0.6881,0.712,0.7081,0.2811,0.5393,0.5984,0.4674,0.5603,0.76,0.7335,0.6975
KS,0.6835,0.6359,0.6818,0.4613,0.2594,0.6471,0.3107,0.1565,0.3906,0.4283,0.4623,0.2314,0.779,0.6909,0.3691,0.7788,1,0.7856,0.4922,0.3165,0.2254,0.62,0.6984,0.7575,0.7804,0.4958,0.7684,0.7093,0.7375,0.6736,0.6021,0.2547,0.2542,0.2985,0.2502,0.7307,0.7108,0.67490000000000006,0.6775,0.3839,0.6301,0.7435,0.7089,0.282,0.5602,0.5833,0.4621,0.5661,0.7228,0.7282,0.7317
KY,0.62,0.6934,0.7097,0.4272,0.2483,0.5345,0.293,0.1491,0.4585,0.4829,0.5507,0.2199,0.7656,0.6545,0.3632,0.7839,0.7856,1,0.5794,0.2603,0.2224,0.6305,0.728,0.7131,0.7888,0.5749,0.7455,0.7702,0.7043,0.632,0.5798,0.2416,0.2457,0.3051,0.2373,0.7495,0.6969,0.6261,0.6878,0.3648,0.7123,0.7237,0.737,0.2705,0.4751,0.5796,0.4525,0.5047,0.7206,0.747,0.7144
LA,0.3035,0.6981,0.5862,0.2634,0.2364,0.2424,0.2128,0.1479,0.4724,0.3868,0.7518,0.225,0.5087,0.4145,0.2647,0.5738,0.4922,0.5794,1,0.2219,0.2637,0.4075,0.5728,0.4372,0.592,0.7055,0.4556,0.6985,0.4634,0.4121,0.3419,0.2342,0.2255,0.2562,0.2184,0.5794,0.4837,0.3138,0.4966,0.1985,0.7357,0.4525,0.5915,0.2562,0.3013,0.4871,0.2677,0.2239,0.4841,0.5261,0.4605
MA,0.2397,0.2223,0.1934,0.4927,0.3239,0.5799,0.708,0.1955,0.4828,0.4791,0.2479,0.2158,0.4364,0.3184,0.6059,0.3175,0.3165,0.2603,0.2219,1,0.4039,0.5382,0.5089,0.548,0.3475,0.2218,0.4223,0.259,0.317,0.3818,0.5998,0.6429,0.2478,0.4415,0.5826,0.4733,0.1846,0.4909,0.5792,0.6069,0.2377,0.3057,0.1899,0.2443,0.4379,0.539,0.5361,0.6048,0.5368,0.271,0.2794
MD,0.2273,0.2285,0.1982,0.2439,0.2215,0.238,0.4102,0.4695,0.4506,0.374,0.327,0.1883,0.241,0.2062,0.4086,0.2263,0.2254,0.2224,0.2637,0.4039,1,0.2499,0.3064,0.2514,0.2337,0.2208,0.2389,0.2457,0.2148,0.2048,0.2742,0.4921,0.211,0.2437,0.5187,0.2643,0.2099,0.2121,0.3289,0.3225,0.2378,0.2165,0.2026,0.235,0.2409,0.4095,0.2579,0.2197,0.2584,0.215,0.2108
ME,0.5067,0.5085,0.5103,0.4895,0.2701,0.5707,0.5933,0.1517,0.6092,0.6084,0.3507,0.2281,0.7722,0.5756,0.5072,0.6499,0.62,0.6305,0.4075,0.5382,0.2499,1,0.7756,0.7693,0.6826,0.3803,0.7707,0.6132,0.6107,0.605,0.8082,0.3969,0.2685,0.3817,0.3218,0.7517,0.4548,0.6763,0.7888,0.5729,0.5552,0.6383,0.522,0.2798,0.4332,0.6481,0.7213,0.6387,0.8141,0.6525,0.6116
MI,0.5071,0.626,0.6063,0.5343,0.2781,0.5891,0.5488,0.1565,0.6859,0.6779,0.5465,0.2317,0.8195,0.6413,0.6036,0.7705,0.6984,0.728,0.5728,0.5089,0.3064,0.7756,1,0.8127,0.7907,0.5101,0.7654,0.7455,0.659,0.6642,0.7454,0.4044,0.2703,0.4669,0.3848,0.8688,0.5407,0.7082,0.8694,0.5817,0.689,0.6706,0.6407,0.2915,0.5326,0.7297,0.6134,0.6496,0.858,0.7087,0.6456
MN,0.596,0.5394,0.5704,0.5379,0.2825,0.726,0.5388,0.1537,0.5528,0.5408,0.3942,0.2395,0.8309,0.6728,0.5631,0.7503,0.7575,0.7131,0.4372,0.548,0.2514,0.7693,0.8127,1,0.7715,0.3974,0.7972,0.6539,0.7075,0.7008,0.7752,0.3839,0.2702,0.3972,0.3516,0.8184,0.5578,0.7569,0.821,0.5761,0.567,0.706,0.6062,0.2899,0.6177,0.7121,0.6407,0.7178,0.8504,0.6795,0.6734
MO,0.5805,0.6838,0.6815,0.4477,0.2544,0.5773,0.3723,0.1507,0.527,0.5235,0.5633,0.2231,0.8059,0.6713,0.4292,0.799,0.7804,0.7888,0.592,0.3475,0.2337,0.6826,0.7907,0.7715,1,0.5651,0.7725,0.782,0.7096,0.6715,0.646,0.2613,0.2565,0.3336,0.2513,0.8081,0.6486,0.6611,0.7525,0.4309,0.7183,0.7164,0.7194,0.2818,0.5147,0.6671,0.5108,0.5561,0.7775,0.7451,0.7007
MS,0.329,0.7139,0.6022,0.2596,0.2594,0.254,0.2168,0.1306,0.3821,0.3388,0.7571,0.1985,0.4861,0.3777,0.2175,0.5476,0.4958,0.5749,0.7055,0.2218,0.2208,0.3803,0.5101,0.3974,0.5651,1,0.4581,0.7056,0.43120000000000003,0.358,0.3049,0.2511,0.2354,0.2528,0.252,0.5222,0.5295,0.3059,0.4301,0.2051,0.7304,0.4469,0.5971,0.2575,0.2395,0.4303,0.2505,0.2392,0.4347,0.5288,0.4481
MT,0.6436,0.6026,0.629,0.484,0.2617,0.6235,0.4598,0.1608,0.5085,0.5274,0.4088,0.2268,0.8336,0.6725,0.4207,0.7487,0.7684,0.7455,0.4556,0.4223,0.2389,0.7707,0.7654,0.7972,0.7725,0.4581,1,0.6899,0.7145,0.6704,0.7371,0.2791,0.2699,0.3267,0.2638,0.7704,0.6198,0.7017,0.7526,0.482,0.6176,0.7446,0.6397,0.296,0.4971,0.6286,0.6246,0.6184,0.8049,0.7428,0.7256
NC,0.473,0.7882,0.725,0.3209,0.2755,0.4148,0.2926,0.1567,0.5396,0.5214,0.7102,0.2407,0.7151,0.5565,0.3459,0.7508,0.7093,0.7702,0.6985,0.259,0.2457,0.6132,0.7455,0.6539,0.782,0.7056,0.6899,1,0.619,0.5507,0.5505,0.2598,0.2605,0.2877,0.2532,0.7528,0.6391,0.5463,0.6806,0.3257,0.8383,0.6413,0.7564,0.2821,0.3401,0.6513,0.4435,0.4089,0.684,0.7235,0.6352
ND,0.644,0.5659,0.6091,0.4254,0.2386,0.5641,0.3195,0.1401,0.3917,0.3741,0.4022,0.2249,0.7329,0.667,0.3544,0.7069,0.7375,0.7043,0.4634,0.317,0.2148,0.6107,0.659,0.7075,0.7096,0.43120000000000003,0.7145,0.619,1,0.6603,0.5893,0.2347,0.2398,0.2812,0.2288,0.6824,0.6149,0.5948,0.6316,0.3873,0.5565,0.7042,0.6224,0.2573,0.5762,0.5222,0.4805,0.5297,0.6917,0.6629,0.7031
NE,0.5656,0.4892,0.5146,0.4707,0.2173,0.5853,0.3729,0.1339,0.4175,0.4321,0.3576,0.2004,0.7046,0.671,0.4178,0.6729,0.6736,0.632,0.4121,0.3818,0.2048,0.605,0.6642,0.7008,0.6715,0.358,0.6704,0.5507,0.6603,1,0.5957,0.2562,0.224,0.3453,0.233,0.6827,0.5315,0.6093,0.6572,0.4418,0.4899,0.6365,0.54,0.2496,0.5869,0.5309,0.4644,0.5633,0.6918,0.6029,0.6331
NH,0.4782,0.4474,0.452,0.4923,0.2722,0.625,0.6301,0.1492,0.5878,0.5918,0.2954,0.2268,0.7315,0.5535,0.5404,0.6034,0.6021,0.5798,0.3419,0.5998,0.2742,0.8082,0.7454,0.7752,0.646,0.3049,0.7371,0.5505,0.5893,0.5957,1,0.4475,0.255,0.3765,0.3718,0.7215,0.4184,0.6837,0.7827,0.5984,0.4859,0.6066,0.4771,0.2678,0.469,0.6701,0.7172,0.6639,0.793,0.5978,0.582
NJ,0.2237,0.2405,0.2168,0.5452,0.504,0.4547,0.6218,0.2534,0.4303,0.5749,0.2746,0.3895,0.2887,0.2263,0.5936,0.257,0.2547,0.2416,0.2342,0.6429,0.4921,0.3969,0.4044,0.3839,0.2613,0.2511,0.2791,0.2598,0.2347,0.2562,0.4475,1,0.3979,0.5678,0.7408,0.3655,0.2178,0.3881,0.481,0.5477,0.2429,0.2364,0.2221,0.2853,0.3272,0.4046,0.377,0.5013,0.3996,0.2386,0.23
NM,0.3684,0.2422,0.2206,0.5809,0.6215,0.2707,0.2923,0.1282,0.22,0.4173,0.2693,0.6508,0.2767,0.2197,0.2406,0.2534,0.2542,0.2457,0.2255,0.2478,0.211,0.2685,0.2703,0.2702,0.2565,0.2354,0.2699,0.2605,0.2398,0.224,0.255,0.3979,1,0.5599,0.3305,0.2685,0.2131,0.27,0.2674,0.2876,0.2514,0.2337,0.2276,0.5692,0.2224,0.2475,0.2383,0.3282,0.2714,0.2364,0.2306
NV,0.3821,0.2567,0.2382,0.7977,0.6119,0.4242,0.4536,0.1494,0.3877,0.6441,0.2698,0.4399,0.3808,0.3537,0.5669,0.3664,0.2985,0.3051,0.2562,0.4415,0.2437,0.3817,0.4669,0.3972,0.3336,0.2528,0.3267,0.2877,0.2812,0.3453,0.3765,0.5678,0.5599,1,0.587,0.4478,0.2967,0.4371,0.5014,0.5107,0.2715,0.2879,0.2492,0.6049,0.4466,0.2702,0.2826,0.5309,0.4556,0.3101,0.2805
NY,0.2249,0.2325,0.213,0.5315,0.5215,0.4173,0.5402,0.3034,0.4102,0.5271,0.2676,0.33,0.2743,0.2223,0.6089,0.2501,0.2502,0.2373,0.2184,0.5826,0.5187,0.3218,0.3848,0.3516,0.2513,0.252,0.2638,0.2532,0.2288,0.233,0.3718,0.7408,0.3305,0.587,1,0.3497,0.2223,0.3469,0.4489,0.5204,0.2357,0.229,0.2158,0.3273,0.3652,0.3701,0.295,0.4666,0.3653,0.2314,0.2235
OH,0.5353,0.6404,0.6287,0.5304,0.2761,0.6068,0.4993,0.15310000000000001,0.6361,0.6388,0.5475,0.2306,0.8258,0.6639,0.5679,0.7893,0.7307,0.7495,0.5794,0.4733,0.2643,0.7517,0.8688,0.8184,0.8081,0.5222,0.7704,0.7528,0.6824,0.6827,0.7215,0.3655,0.2685,0.4478,0.3497,1,0.5766,0.7091,0.8478,0.5483,0.6944,0.6866,0.6653,0.2915,0.562,0.7124,0.5818,0.6451,0.8476,0.7206,0.6678
OK,0.6365,0.639,0.672,0.414,0.2341,0.4794,0.1889,0.1336,0.2617,0.3874,0.4641,0.1934,0.6129,0.5851,0.222,0.6655,0.7108,0.6969,0.4837,0.1846,0.2099,0.4548,0.5407,0.5578,0.6486,0.5295,0.6198,0.6391,0.6149,0.5315,0.4184,0.2178,0.2131,0.2967,0.2223,0.5766,1,0.527,0.5135,0.2099,0.59,0.6279,0.6637,0.3621,0.4274,0.4007,0.2772,0.3809,0.5474,0.6495,0.6411
OR,0.5713,0.443,0.4963,0.5649,0.243,0.6807,0.4905,0.1456,0.4574,0.57,0.2827,0.1938,0.7251,0.5994,0.5242,0.66,0.67490000000000006,0.6261,0.3138,0.4909,0.2121,0.6763,0.7082,0.7569,0.6611,0.3059,0.7017,0.5463,0.5948,0.6093,0.6837,0.3881,0.27,0.4371,0.3469,0.7091,0.527,1,0.7369,0.5349,0.4583,0.6186,0.5215,0.2588,0.516,0.5711,0.5455,0.685,0.7493,0.6091,0.5856
PA,0.4935,0.5633,0.5544,0.5754,0.2886,0.6448,0.6131,0.1552,0.6832,0.7254,0.4656,0.2322,0.7938,0.6274,0.6522,0.7286,0.6775,0.6878,0.4966,0.5792,0.3289,0.7888,0.8694,0.821,0.7525,0.4301,0.7526,0.6806,0.6316,0.6572,0.7827,0.481,0.2674,0.5014,0.4489,0.8478,0.5135,0.7369,1,0.6326,0.62,0.6485,0.5941,0.2893,0.5436,0.7359,0.6359,0.6967,0.8583,0.678,0.6249
RI,0.3382,0.2254,0.2369,0.5556,0.3027,0.5448,0.6411,0.0868,0.5321,0.565,0.2285,0.1904,0.5097,0.402,0.6465,0.4173,0.3839,0.3648,0.1985,0.6069,0.3225,0.5729,0.5817,0.5761,0.4309,0.2051,0.482,0.3257,0.3873,0.4418,0.5984,0.5477,0.2876,0.5107,0.5204,0.5483,0.2099,0.5349,0.6326,1,0.2738,0.3902,0.2617,0.2311,0.464,0.5049,0.5248,0.6491,0.5994,0.3748,0.3659
SC,0.395,0.7922,0.6968,0.2906,0.2719,0.3094,0.2467,0.1549,0.5268,0.4979,0.745,0.2356,0.6399,0.4975,0.2947,0.6881,0.6301,0.7123,0.7357,0.2377,0.2378,0.5552,0.689,0.567,0.7183,0.7304,0.6176,0.8383,0.5565,0.4899,0.4859,0.2429,0.2514,0.2715,0.2357,0.6944,0.59,0.4583,0.62,0.2738,1,0.5757,0.7147,0.2795,0.2858,0.5998,0.3911,0.3181,0.6123,0.6747,0.5773
SD,0.6542,0.5793,0.6309,0.4343,0.2338,0.5569,0.3328,0.1437,0.4104,0.418,0.3983,0.2124,0.7481,0.6558,0.3438,0.712,0.7435,0.7237,0.4525,0.3057,0.2165,0.6383,0.6706,0.706,0.7164,0.4469,0.7446,0.6413,0.7042,0.6365,0.6066,0.2364,0.2337,0.2879,0.229,0.6866,0.6279,0.6186,0.6485,0.3902,0.5757,1,0.6301,0.2577,0.5083,0.5141,0.5078,0.5302,0.7065,0.6963,0.7096
TN,0.5156,0.699,0.6967,0.3309,0.2391,0.4373,0.2002,0.1401,0.3987,0.4338,0.5816,0.2138,0.6541,0.562,0.2809,0.7081,0.7089,0.737,0.5915,0.1899,0.2026,0.522,0.6407,0.6062,0.7194,0.5971,0.6397,0.7564,0.6224,0.54,0.4771,0.2221,0.2276,0.2492,0.2158,0.6653,0.6637,0.5215,0.5941,0.2617,0.7147,0.6301,1,0.2458,0.3808,0.5426,0.3469,0.3876,0.6066,0.6806,0.6382
TX,0.4215,0.2684,0.2417,0.6061,0.6016,0.3049,0.2446,0.1549,0.2419,0.351,0.2897,0.4663,0.3019,0.2716,0.2538,0.2811,0.282,0.2705,0.2562,0.2443,0.235,0.2798,0.2915,0.2899,0.2818,0.2575,0.296,0.2821,0.2573,0.2496,0.2678,0.2853,0.5692,0.6049,0.3273,0.2915,0.3621,0.2588,0.2893,0.2311,0.2795,0.2577,0.2458,1,0.3462,0.2539,0.2343,0.2795,0.2952,0.2645,0.2553
UT,0.5663,0.2984,0.3569,0.5412,0.2485,0.6256,0.3652,0.1552,0.3118,0.2901,0.2549,0.211,0.5636,0.5764,0.4798,0.5393,0.5602,0.4751,0.3013,0.4379,0.2409,0.4332,0.5326,0.6177,0.5147,0.2395,0.4971,0.3401,0.5762,0.5869,0.469,0.3272,0.2224,0.4466,0.3652,0.562,0.4274,0.516,0.5436,0.464,0.2858,0.5083,0.3808,0.3462,1,0.4057,0.3487,0.5801,0.5776,0.4081,0.5048
VA,0.307,0.5293,0.4727,0.3352,0.2511,0.5492,0.54990000000000006,0.1439,0.6445,0.548,0.522,0.2346,0.648,0.4765,0.5418,0.5984,0.5833,0.5796,0.4871,0.539,0.4095,0.6481,0.7297,0.7121,0.6671,0.4303,0.6286,0.6513,0.5222,0.5309,0.6701,0.4046,0.2475,0.2702,0.3701,0.7124,0.4007,0.5711,0.7359,0.5049,0.5998,0.5141,0.5426,0.2539,0.4057,1,0.5587,0.5213,0.6862,0.55,0.4977
VT,0.401,0.3453,0.3557,0.3798,0.2351,0.4812,0.5776,0.139,0.5448,0.4567,0.2347,0.2072,0.6173,0.4189,0.4383,0.4674,0.4621,0.4525,0.2677,0.5361,0.2579,0.7213,0.6134,0.6407,0.5108,0.2505,0.6246,0.4435,0.4805,0.4644,0.7172,0.377,0.2383,0.2826,0.295,0.5818,0.2772,0.5455,0.6359,0.5248,0.3911,0.5078,0.3469,0.2343,0.3487,0.5587,1,0.5525,0.6647,0.4785,0.4662
WA,0.5292,0.3009,0.3626,0.6547,0.3287,0.7311,0.5877,0.1361,0.4373,0.5401,0.246,0.1987,0.6488,0.5342,0.608,0.5603,0.5661,0.5047,0.2239,0.6048,0.2197,0.6387,0.6496,0.7178,0.5561,0.2392,0.6184,0.4089,0.5297,0.5633,0.6639,0.5013,0.3282,0.5309,0.4666,0.6451,0.3809,0.685,0.6967,0.6491,0.3181,0.5302,0.3876,0.2795,0.5801,0.5213,0.5525,1,0.7058,0.4878,0.4986
WI,0.5815,0.569,0.5871,0.5645,0.2828,0.654,0.5616,0.1554,0.6252,0.6254,0.4277,0.2305,0.8463,0.6716,0.5864,0.76,0.7228,0.7206,0.4841,0.5368,0.2584,0.8141,0.858,0.8504,0.7775,0.4347,0.8049,0.684,0.6917,0.6918,0.793,0.3996,0.2714,0.4556,0.3653,0.8476,0.5474,0.7493,0.8583,0.5994,0.6123,0.7065,0.6066,0.2952,0.5776,0.6862,0.6647,0.7058,1,0.7057,0.674
WV,0.5786,0.6524,0.6641,0.4244,0.241,0.4929,0.3262,0.151,0.4669,0.5166,0.4957,0.209,0.7414,0.6263,0.3419,0.7335,0.7282,0.747,0.5261,0.271,0.215,0.6525,0.7087,0.6795,0.7451,0.5288,0.7428,0.7235,0.6629,0.6029,0.5978,0.2386,0.2364,0.3101,0.2314,0.7206,0.6495,0.6091,0.678,0.3748,0.6747,0.6963,0.6806,0.2645,0.4081,0.55,0.4785,0.4878,0.7057,1,0.6898
WY,0.6387,0.5903,0.6289,0.4243,0.2346,0.5338,0.3089,0.14,0.3823,0.419,0.4086,0.2159,0.7174,0.6567,0.3136,0.6975,0.7317,0.7144,0.4605,0.2794,0.2108,0.6116,0.6456,0.6734,0.7007,0.4481,0.7256,0.6352,0.7031,0.6331,0.582,0.23,0.2306,0.2805,0.2235,0.6678,0.6411,0.5856,0.6249,0.3659,0.5773,0.7096,0.6382,0.2553,0.5048,0.4977,0.4662,0.4986,0.674,0.6898,1
